2544535008940373686112408984442410294462713424447772761771239133261850948426
9658478442632221457515768688263485652351026473815729034191556869361377013186
13419898221466060732244288868269593722502421480553458966006257032543729085107
10284622771884587026323277741944110597256827523017512146466304294336553621868
10426080172087809461705133693744402758574810587739390693184507244640621322856
14942710646261630271590484889060044478866974133470489023113659850280918995928
17536748893132922651813639787255078983784406418036064777314716255694642836181
10995743409956290812053247595335135899164123084283777971421976029066078284070
1725712158394485836666916573176609528878131210311466706032327981927187093775
1168532198864966277287014581481381805342677001282032086895037562127525631623
18678257110188915172338076387248350511969728933452432109184361050799589308618
8356572024538911087497015671513914561509426658169148796212392915436811954925
3217784223608590243338990138394609533867962210943552566940136915303750229936
20326304644730032129317461042953538295963990048443343839184649909376391189513
19246120891758507683091366177282543288898630747691598579585773907031348803335
179732224260880568433678726900218906903736928101418823387844770125353810810
377345654555621310228279801525297736715089314612212533686882684233351303405
11183413562152597695994874511635924226960072693888466778211147862423573515215
7561808008667678612404459506961209330043276352573426144477586528165463420271
5364309450991154743708953200658397549352465379649132441627517590351957823431